Seed Range = 1:100, Num Obs Range = 1:4
Seed	Num_obs	Full_cover	Merged_cover	Decrease	Percent_decrease
1	1	9	5	4	44.44
1	2	26	10	16	61.54
1	3	33	13	20	60.61
1	4	33	13	20	60.61
2	1	8	5	3	37.5
2	2	12	6	6	50.0
2	3	32	10	22	68.75
2	4	62	17	45	72.58
3	1	7	4	3	42.86
3	2	21	10	11	52.38
3	3	55	18	37	67.27
3	4	88	23	65	73.86
4	1	11	6	5	45.45
4	2	16	8	8	50.0
4	3	12	6	6	50.0
4	4	37	14	23	62.16
5	1	7	4	3	42.86
5	2	21	10	11	52.38
5	3	47	16	31	65.96
5	4	66	17	49	74.24
6	1	9	5	4	44.44
6	2	27	10	17	62.96
6	3	60	16	44	73.33
6	4	57	19	38	66.67
7	1	11	7	4	36.36
7	2	33	14	19	57.58
7	3	55	19	36	65.45
7	4	62	18	44	70.97
8	1	11	6	5	45.45
8	2	16	9	7	43.75
8	3	37	15	22	59.46
8	4	68	17	51	75.0
9	1	9	6	3	33.33
9	2	25	12	13	52.0
9	3	50	17	33	66.0
9	4	46	14	32	69.57
10	1	9	5	4	44.44
10	2	27	12	15	55.56
10	3	53	19	34	64.15
10	4	68	21	47	69.12
11	1	8	4	4	50.0
11	2	29	11	18	62.07
11	3	45	14	31	68.89
11	4	70	20	50	71.43
12	1	9	5	4	44.44
12	2	32	12	20	62.5
12	3	47	18	29	61.7
12	4	52	15	37	71.15
13	1	9	5	4	44.44
13	2	15	8	7	46.67
13	3	22	9	13	59.09
13	4	37	12	25	67.57
14	1	11	6	5	45.45
14	2	33	11	22	66.67
14	3	51	16	35	68.63
14	4	88	25	63	71.59
15	1	11	6	5	45.45
15	2	30	12	18	60.0
15	3	38	12	26	68.42
15	4	40	16	24	60.0
16	1	7	4	3	42.86
16	2	23	9	14	60.87
16	3	52	19	33	63.46
16	4	74	20	54	72.97
17	1	7	4	3	42.86
17	2	23	10	13	56.52
17	3	60	20	40	66.67
17	4	95	23	72	75.79
18	1	9	5	4	44.44
18	2	30	13	17	56.67
18	3	53	19	34	64.15
18	4	82	22	60	73.17
19	1	9	5	4	44.44
19	2	27	11	16	59.26
19	3	44	15	29	65.91
19	4	57	19	38	66.67
20	1	7	4	3	42.86
20	2	27	10	17	62.96
20	3	54	17	37	68.52
20	4	87	22	65	74.71
21	1	11	7	4	36.36
21	2	29	10	19	65.52
21	3	47	14	33	70.21
21	4	50	16	34	68.0
22	1	7	4	3	42.86
22	2	29	10	19	65.52
22	3	58	19	39	67.24
22	4	93	24	69	74.19
23	1	8	5	3	37.5
23	2	25	11	14	56.0
23	3	51	15	36	70.59
23	4	66	19	47	71.21
24	1	7	4	3	42.86
24	2	26	10	16	61.54
24	3	41	15	26	63.41
24	4	32	12	20	62.5
25	1	8	4	4	50.0
25	2	25	12	13	52.0
25	3	51	14	37	72.55
25	4	71	19	52	73.24
26	1	9	5	4	44.44
26	2	24	11	13	54.17
26	3	52	17	35	67.31
26	4	65	19	46	70.77
27	1	9	5	4	44.44
27	2	25	11	14	56.0
27	3	59	19	40	67.8
27	4	73	21	52	71.23
28	1	11	6	5	45.45
28	2	28	13	15	53.57
28	3	60	18	42	70.0
28	4	73	20	53	72.6
29	1	7	4	3	42.86
29	2	23	9	14	60.87
29	3	46	14	32	69.57
29	4	79	22	57	72.15
30	1	9	5	4	44.44
30	2	22	11	11	50.0
30	3	55	18	37	67.27
30	4	46	16	30	65.22
31	1	7	4	3	42.86
31	2	26	12	14	53.85
31	3	31	14	17	54.84
31	4	67	20	47	70.15
32	1	9	6	3	33.33
32	2	33	13	20	60.61
32	3	36	15	21	58.33
32	4	57	20	37	64.91
33	1	8	5	3	37.5
33	2	26	11	15	57.69
33	3	47	17	30	63.83
33	4	71	20	51	71.83
34	1	7	4	3	42.86
34	2	23	12	11	47.83
34	3	47	16	31	65.96
34	4	52	15	37	71.15
35	1	7	4	3	42.86
35	2	24	10	14	58.33
35	3	38	13	25	65.79
35	4	75	20	55	73.33
36	1	12	6	6	50.0
36	2	27	12	15	55.56
36	3	58	16	42	72.41
36	4	107	26	81	75.7
37	1	7	4	3	42.86
37	2	26	12	14	53.85
37	3	53	17	36	67.92
37	4	101	27	74	73.27
38	1	7	4	3	42.86
38	2	29	11	18	62.07
38	3	59	15	44	74.58
38	4	80	22	58	72.5
39	1	8	4	4	50.0
39	2	26	13	13	50.0
39	3	61	20	41	67.21
39	4	87	24	63	72.41
40	1	9	5	4	44.44
40	2	25	12	13	52.0
40	3	49	15	34	69.39
40	4	41	16	25	60.98
41	1	7	4	3	42.86
41	2	17	7	10	58.82
41	3	39	15	24	61.54
41	4	74	22	52	70.27
42	1	9	5	4	44.44
42	2	20	10	10	50.0
42	3	45	14	31	68.89
42	4	64	19	45	70.31
43	1	10	6	4	40.0
43	2	24	10	14	58.33
43	3	60	19	41	68.33
43	4	89	23	66	74.16
44	1	11	6	5	45.45
44	2	26	11	15	57.69
44	3	62	19	43	69.35
44	4	103	26	77	74.76
45	1	8	5	3	37.5
45	2	12	7	5	41.67
45	3	40	15	25	62.5
45	4	77	21	56	72.73
46	1	9	5	4	44.44
46	2	23	12	11	47.83
46	3	53	18	35	66.04
46	4	93	22	71	76.34
47	1	8	5	3	37.5
47	2	26	10	16	61.54
47	3	35	14	21	60.0
47	4	75	20	55	73.33
48	1	9	5	4	44.44
48	2	34	14	20	58.82
48	3	61	21	40	65.57
48	4	74	18	56	75.68
49	1	11	6	5	45.45
49	2	32	14	18	56.25
49	3	67	20	47	70.15
49	4	84	23	61	72.62
50	1	11	5	6	54.55
50	2	17	8	9	52.94
50	3	43	16	27	62.79
50	4	73	20	53	72.6
51	1	7	4	3	42.86
51	2	13	7	6	46.15
51	3	23	10	13	56.52
51	4	37	13	24	64.86
52	1	9	5	4	44.44
52	2	25	9	16	64.0
52	3	39	14	25	64.1
52	4	52	16	36	69.23
53	1	9	5	4	44.44
53	2	14	8	6	42.86
53	3	32	14	18	56.25
53	4	58	19	39	67.24
54	1	7	4	3	42.86
54	2	20	8	12	60.0
54	3	47	14	33	70.21
54	4	23	10	13	56.52
55	1	8	5	3	37.5
55	2	22	9	13	59.09
55	3	25	11	14	56.0
55	4	36	13	23	63.89
56	1	7	4	3	42.86
56	2	30	13	17	56.67
56	3	63	18	45	71.43
56	4	113	27	86	76.11
57	1	9	6	3	33.33
57	2	30	11	19	63.33
57	3	58	17	41	70.69
57	4	100	25	75	75.0
58	1	9	5	4	44.44
58	2	26	13	13	50.0
58	3	47	15	32	68.09
58	4	79	21	58	73.42
59	1	9	5	4	44.44
59	2	13	6	7	53.85
59	3	22	11	11	50.0
59	4	21	9	12	57.14
60	1	8	5	3	37.5
60	2	29	12	17	58.62
60	3	62	19	43	69.35
60	4	58	17	41	70.69
61	1	7	4	3	42.86
61	2	23	10	13	56.52
61	3	46	16	30	65.22
61	4	49	14	35	71.43
62	1	8	5	3	37.5
62	2	29	12	17	58.62
62	3	27	12	15	55.56
62	4	44	14	30	68.18
63	1	10	5	5	50.0
63	2	32	11	21	65.62
63	3	53	17	36	67.92
63	4	84	21	63	75.0
64	1	10	6	4	40.0
64	2	31	12	19	61.29
64	3	59	17	42	71.19
64	4	77	20	57	74.03
65	1	7	4	3	42.86
65	2	25	12	13	52.0
65	3	65	20	45	69.23
65	4	87	24	63	72.41
66	1	7	4	3	42.86
66	2	22	12	10	45.45
66	3	51	15	36	70.59
66	4	50	15	35	70.0
67	1	11	6	5	45.45
67	2	29	10	19	65.52
67	3	52	18	34	65.38
67	4	87	24	63	72.41
68	1	9	5	4	44.44
68	2	30	11	19	63.33
68	3	57	17	40	70.18
68	4	92	21	71	77.17
69	1	9	5	4	44.44
69	2	20	9	11	55.0
69	3	41	14	27	65.85
69	4	72	20	52	72.22
70	1	9	5	4	44.44
70	2	24	11	13	54.17
70	3	49	17	32	65.31
70	4	81	22	59	72.84
71	1	11	6	5	45.45
71	2	32	12	20	62.5
71	3	59	17	42	71.19
71	4	82	19	63	76.83
72	1	8	4	4	50.0
72	2	24	10	14	58.33
72	3	27	12	15	55.56
72	4	59	17	42	71.19
73	1	8	5	3	37.5
73	2	25	9	16	64.0
73	3	48	16	32	66.67
73	4	72	19	53	73.61
74	1	7	4	3	42.86
74	2	26	11	15	57.69
74	3	41	15	26	63.41
74	4	68	19	49	72.06
75	1	11	6	5	45.45
75	2	25	9	16	64.0
75	3	53	18	35	66.04
75	4	60	20	40	66.67
76	1	7	4	3	42.86
76	2	32	14	18	56.25
76	3	66	20	46	69.7
76	4	74	22	52	70.27
77	1	8	5	3	37.5
77	2	26	9	17	65.38
77	3	53	16	37	69.81
77	4	86	19	67	77.91
78	1	7	4	3	42.86
78	2	28	12	16	57.14
78	3	57	19	38	66.67
78	4	74	18	56	75.68
79	1	11	5	6	54.55
79	2	35	14	21	60.0
79	3	74	21	53	71.62
79	4	68	21	47	69.12
80	1	10	5	5	50.0
80	2	35	13	22	62.86
80	3	59	18	41	69.49
80	4	77	21	56	72.73
81	1	8	4	4	50.0
81	2	27	10	17	62.96
81	3	45	17	28	62.22
81	4	73	22	51	69.86
82	1	7	4	3	42.86
82	2	24	12	12	50.0
82	3	56	18	38	67.86
82	4	51	17	34	66.67
83	1	7	4	3	42.86
83	2	23	11	12	52.17
83	3	35	15	20	57.14
83	4	72	21	51	70.83
84	1	7	4	3	42.86
84	2	23	10	13	56.52
84	3	53	14	39	73.58
84	4	41	14	27	65.85
85	1	9	6	3	33.33
85	2	25	10	15	60.0
85	3	57	17	40	70.18
85	4	66	19	47	71.21
86	1	11	5	6	54.55
86	2	14	7	7	50.0
86	3	12	6	6	50.0
86	4	18	9	9	50.0
87	1	9	5	4	44.44
87	2	28	12	16	57.14
87	3	41	14	27	65.85
87	4	69	19	50	72.46
88	1	7	4	3	42.86
88	2	25	10	15	60.0
88	3	46	16	30	65.22
88	4	32	13	19	59.38
89	1	9	5	4	44.44
89	2	34	14	20	58.82
89	3	61	16	45	73.77
89	4	76	20	56	73.68
90	1	7	4	3	42.86
90	2	24	11	13	54.17
90	3	34	14	20	58.82
90	4	35	14	21	60.0
91	1	7	4	3	42.86
91	2	20	8	12	60.0
91	3	37	13	24	64.86
91	4	53	17	36	67.92
92	1	7	4	3	42.86
92	2	28	12	16	57.14
92	3	55	16	39	70.91
92	4	89	22	67	75.28
93	1	9	5	4	44.44
93	2	27	10	17	62.96
93	3	50	16	34	68.0
93	4	52	18	34	65.38
94	1	7	4	3	42.86
94	2	16	9	7	43.75
94	3	33	14	19	57.58
94	4	70	20	50	71.43
95	1	8	5	3	37.5
95	2	20	10	10	50.0
95	3	45	15	30	66.67
95	4	55	16	39	70.91
96	1	9	5	4	44.44
96	2	23	8	15	65.22
96	3	55	18	37	67.27
96	4	88	22	66	75.0
97	1	8	5	3	37.5
97	2	30	13	17	56.67
97	3	39	16	23	58.97
97	4	66	18	48	72.73
98	1	10	6	4	40.0
98	2	25	9	16	64.0
98	3	45	13	32	71.11
98	4	37	11	26	70.27
99	1	9	5	4	44.44
99	2	23	9	14	60.87
99	3	48	15	33	68.75
99	4	74	20	54	72.97
100	1	8	5	3	37.5
100	2	14	8	6	42.86
100	3	33	13	20	60.61
100	4	69	19	50	72.46
